  13 196 181 147
 173  36  76 136
 121  98 104 191
  45  74 114   7
 217  19  36 125
 148 132  26 178
  38  84   3 115
 124 102  39 165
 218 109   5  66
 150 206  43 236
 243 215 168 173
 103 134  74 247
 219  96 120 158
 193 206  52 174
 128 190 191 251
 110  77 137 120
  77 226  81 255
 146 100 116 129
 120 145 127  23
 127 166 172   8
  94 180   6 223
  99  51 217 237
 145 251  24   0
 186  16  26  25
 126  76  23 219
 192 126 124  62
  91 197  64 235
 202 254  37 253
  42 145 121 204
 135 114  59  55
 150 228 134 145
 143 235  37 130
  20 160 222  22
 156 210  87 199
 184 183   8 215
  49 179 214   8
 189 231 234  17
 102 105  69  73
  76 208 134 159
 157 165 128 251
 105 136 245   9
 254 142 206 102
   6 168  28  74
 140  84  89 172
  78 241 163 244
 187  81 111 164
 140  68  61  90
 159 193 169 139
 120 182  42 133
 138 239 121  84
 182  30 186  24
 100 167 149  25
   2 182 229  45
  61 214 147 224
 204 155 228 203
  11 110  94  18
  98 105  12 157
  63 172  86 222
  98  60  57 171
 169 201 198 147
  37 140  16   1
  33   6 223  12
 198 127 138 248
  63 212 126 123
 227 143  72  61
   0  15 120  18
  35  22 248 199
 191 173  61  72
 159 240  96 249
 255 146 235  74
 254 219 206 199
   1 187 104 146
 116   9 200 122
 147 255  21  77
 135 241 228  66
 166 147 134 220
  93 254 116 240
 193  24  60 115
  63 110 146 211
 212  54 134 159
 103 234 135  32
 187  29  70 102
  93  30 147 116
 204  11 246 199
  20  29 249 239
 102 183 208 246
 254  50 178  18
  59  92 197 202
 254 124 123 235
  68 128  24 239
 103 207 146  97
 177  55  45 162
  34 131 217  68
 223  49 226 247
  68  72 138 209
 255  82  88 183
 168 124 195  83
 227 129 227  89
 109  26 232  37
 210 217 161 209
 241 169 134  69
 111 172 210  79
   6  90 114 236
   1  90 190 140
 207  39 192 223
 174  32 105 228
 142  73  30  14
  15 226 167 218
 201 187   2 194
  78 200  73   5
 193 227 230 171
 244  40 128 184
  23 173 175  49
  37 237 173 255
  40  34 238  89
 175 226  56 213
  54 197 109  45
  51  85 103 160
 126  35  18 114
 173 228 224 204
 172  16 199 220
 117 157 112 119
 130  96  77 185
   5 172 244   0
   1  27 133 217
  32  59  42 131
 144  32 240  29
 138  66 221  80
 144  52  97 102
  87 123 103  35
 193 217 191 208
  26  49 130   5
  21  17 199 177
 153   1 202 181
 202  73  83  13
   5  19 185  86
 155 182 133  85
  81 234 221 167
  42 253 160 162
  50 196 200 184
 224 206   2 151
 242 144  67  57
  35 115 182 232
 106  49  52 126
 191 175 128 216
 142 153 206 143
 207 112  83  85
 145  33  14 157
 123 129 110  72
  39  75 144  69
